1 2 6 10 14 21 
1 3 4 11 12 25 
1 5 9 13 17 39 
1 7 8 15 16 43 
2 3 9 18 24 30 
2 4 7 19 22 33 
2 5 8 20 23 38 
3 5 7 26 28 37 
3 6 8 27 29 41 
4 5 6 31 32 36 
4 8 9 34 35 45 
6 7 9 40 42 44 
10 11 15 18 22 28 
10 12 13 19 20 31 
10 16 17 23 24 45 
11 13 16 26 29 38 
11 14 17 27 30 42 
12 14 16 32 34 41 
12 15 17 33 35 44 
13 14 15 36 37 40 
18 19 23 25 29 34 
18 20 21 26 27 36 
19 21 24 32 35 42 
20 22 24 37 39 44 
21 22 23 40 41 43 
25 26 30 31 35 39 
25 27 28 32 33 40 
28 29 30 43 44 45 
31 33 34 37 38 43 
36 38 39 41 42 45 